inherit_from: configs/ROVEr/rover.yaml
mapping:
  bound: [[-10,10],[-10,10],[-10,10]]
  marching_cubes_bound: [[-10,10],[-10,10],[-10,10]]
data:
  datadir: data/TUM/rgbd_dataset_freiburg1_desk
  trainskip: 1
  output: output/TUM/fr_desk
  exp_name: ""

cam:  #intrinsic is different per scene in TUM
  H: 480 
  W: 640 
  fx: 596.1950425915236
  fy: 593.1411835433107
  cx: 327.0463454538411
  cy: 245.16142133264628
  crop_edge: 0
  crop_size: [384,512]
  png_depth_scale: 1000.0
  distortion: [0.07561607662577634, -0.2088729975389971, -0.0023347441072184756, 0.004010356017731083]